0000000000000000000000000000
0222222222222002222222222220
0200002000002002000002000020
0203302033302002033302033020
0200002000002002000002000020
0222222222222222222222222220
0200002002000000002002000020
0200002002000000002002000020
0222222002222002222002222220
0000002000003003000002000000
0333302000003003000002033330
0333302003333333333002033330
0333302003000000003002033330
0000002003033333303002000000
0333302333033333303332033330
0000002003033333303002000000
0333302003000000003002033330
0333302003333333333002033330
0333302003000000003002033330
0000002003000000003002000000
0222222222222002222222222220
0200002000002002000002000020
0200002000002002000002000020
0222002222222332222222002220
0002002002000000002002002000
0002002002000000002002002000
0222222002222002222002222220
0200000000002002000000000020
0200000000002002000000000020
0222222222222222222222222220
0000000000000000000000000000